Region,Date,Week,Weekly arrivals,Weekly arrivals (upper bound),Weekly arrivals (lower bound),Total arrivals,Total arrivals (upper bound),Total arrivals (lower bound)
North,2023-05-22,73,0,119,0,15461,15580,15461
North,2023-05-29,74,0,126,0,15461,15706,15461
North,2023-06-05,75,0,131,0,15461,15837,15461
North,2023-06-12,76,0,134,0,15461,15971,15461
North,2023-06-19,77,0,136,0,15461,16107,15461
North,2023-06-26,78,0,137,0,15461,16244,15461
North,2023-07-03,79,0,137,0,15461,16381,15461
North,2023-07-10,80,0,136,0,15461,16517,15461
North,2023-07-17,81,0,134,0,15461,16651,15461
North,2023-07-24,82,0,132,0,15461,16783,15461
North,2023-07-31,83,0,128,0,15461,16911,15461
North,2023-08-07,84,0,124,0,15461,17035,15461
North,2023-08-14,85,0,120,0,15461,17155,15461
North,2023-08-21,86,0,115,0,15461,17270,15461
North,2023-08-28,87,0,109,0,15461,17379,15461
North,2023-09-04,88,0,104,0,15461,17483,15461
North,2023-09-11,89,0,97,0,15461,17580,15461
North,2023-09-18,90,0,91,0,15461,17671,15461
North,2023-09-25,91,0,84,0,15461,17755,15461
North,2023-10-02,92,0,77,0,15461,17832,15461
North,2023-10-09,93,0,70,0,15461,17902,15461
North,2023-10-16,94,0,63,0,15461,17965,15461
North,2023-10-23,95,0,55,0,15461,18020,15461
North,2023-10-30,96,0,47,0,15461,18067,15461
Central,2023-05-22,73,0,169,0,22265,22434,22265
Central,2023-05-29,74,0,177,0,22265,22611,22265
Central,2023-06-05,75,0,183,0,22265,22794,22265
Central,2023-06-12,76,0,187,0,22265,22981,22265
Central,2023-06-19,77,0,189,0,22265,23170,22265
Central,2023-06-26,78,0,190,0,22265,23360,22265
Central,2023-07-03,79,0,189,0,22265,23549,22265
Central,2023-07-10,80,0,187,0,22265,23736,22265
Central,2023-07-17,81,0,184,0,22265,23920,22265
Central,2023-07-24,82,0,180,0,22265,24100,22265
Central,2023-07-31,83,0,175,0,22265,24275,22265
Central,2023-08-07,84,0,169,0,22265,24444,22265
Central,2023-08-14,85,0,162,0,22265,24606,22265
Central,2023-08-21,86,0,155,0,22265,24761,22265
Central,2023-08-28,87,0,147,0,22265,24908,22265
Central,2023-09-04,88,0,139,0,22265,25047,22265
Central,2023-09-11,89,0,130,0,22265,25177,22265
Central,2023-09-18,90,0,121,0,22265,25298,22265
Central,2023-09-25,91,0,112,0,22265,25410,22265
Central,2023-10-02,92,0,102,0,22265,25512,22265
Central,2023-10-09,93,0,91,0,22265,25603,22265
Central,2023-10-16,94,0,81,0,22265,25684,22265
Central,2023-10-23,95,0,70,0,22265,25754,22265
Central,2023-10-30,96,0,59,0,22265,25813,22265
South and the Channel Islands,2023-05-22,73,0,135,0,22326,22461,22326
South and the Channel Islands,2023-05-29,74,0,139,0,22326,22600,22326
South and the Channel Islands,2023-06-05,75,0,142,0,22326,22742,22326
South and the Channel Islands,2023-06-12,76,0,143,0,22326,22885,22326
South and the Channel Islands,2023-06-19,77,0,143,0,22326,23028,22326
South and the Channel Islands,2023-06-26,78,0,142,0,22326,23170,22326
South and the Channel Islands,2023-07-03,79,0,139,0,22326,23309,22326
South and the Channel Islands,2023-07-10,80,0,136,0,22326,23445,22326
South and the Channel Islands,2023-07-17,81,0,132,0,22326,23577,22326
South and the Channel Islands,2023-07-24,82,0,127,0,22326,23704,22326
South and the Channel Islands,2023-07-31,83,0,121,0,22326,23825,22326
South and the Channel Islands,2023-08-07,84,0,115,0,22326,23940,22326
South and the Channel Islands,2023-08-14,85,0,108,0,22326,24048,22326
South and the Channel Islands,2023-08-21,86,0,101,0,22326,24149,22326
South and the Channel Islands,2023-08-28,87,0,93,0,22326,24242,22326
South and the Channel Islands,2023-09-04,88,0,85,0,22326,24327,22326
South and the Channel Islands,2023-09-11,89,0,76,0,22326,24403,22326
South and the Channel Islands,2023-09-18,90,0,68,0,22326,24471,22326
South and the Channel Islands,2023-09-25,91,0,58,0,22326,24529,22326
South and the Channel Islands,2023-10-02,92,0,49,0,22326,24578,22326
South and the Channel Islands,2023-10-09,93,0,40,0,22326,24618,22326
South and the Channel Islands,2023-10-16,94,0,30,0,22326,24648,22326
South and the Channel Islands,2023-10-23,95,0,20,0,22326,24668,22326
South and the Channel Islands,2023-10-30,96,0,10,0,22326,24678,22326
South East,2023-05-22,73,0,132,0,20446,20578,20446
South East,2023-05-29,74,0,136,0,20446,20714,20446
South East,2023-06-05,75,0,139,0,20446,20853,20446
South East,2023-06-12,76,0,140,0,20446,20993,20446
South East,2023-06-19,77,0,140,0,20446,21133,20446
South East,2023-06-26,78,0,138,0,20446,21271,20446
South East,2023-07-03,79,0,136,0,20446,21407,20446
South East,2023-07-10,80,0,133,0,20446,21540,20446
South East,2023-07-17,81,0,129,0,20446,21669,20446
South East,2023-07-24,82,0,124,0,20446,21793,20446
South East,2023-07-31,83,0,119,0,20446,21912,20446
South East,2023-08-07,84,0,113,0,20446,22025,20446
South East,2023-08-14,85,0,106,0,20446,22131,20446
South East,2023-08-21,86,0,99,0,20446,22230,20446
South East,2023-08-28,87,0,92,0,20446,22322,20446
South East,2023-09-04,88,0,84,0,20446,22406,20446
South East,2023-09-11,89,0,76,0,20446,22482,20446
South East,2023-09-18,90,0,68,0,20446,22550,20446
South East,2023-09-25,91,0,59,0,20446,22609,20446
South East,2023-10-02,92,0,50,0,20446,22659,20446
South East,2023-10-09,93,0,41,0,20446,22700,20446
South East,2023-10-16,94,0,32,0,20446,22732,20446
South East,2023-10-23,95,0,22,0,20446,22754,20446
South East,2023-10-30,96,0,13,0,20446,22767,20446
London,2023-05-22,73,51,225,0,18160,18334,18109
London,2023-05-29,74,47,246,0,18207,18580,18109
London,2023-06-05,75,41,265,0,18248,18845,18109
London,2023-06-12,76,32,282,0,18280,19127,18109
London,2023-06-19,77,23,296,0,18303,19423,18109
London,2023-06-26,78,11,308,0,18314,19731,18109
London,2023-07-03,79,0,318,0,18314,20049,18109
London,2023-07-10,80,0,326,0,18314,20375,18109
London,2023-07-17,81,0,333,0,18314,20708,18109
London,2023-07-24,82,0,338,0,18314,21046,18109
London,2023-07-31,83,0,341,0,18314,21387,18109
London,2023-08-07,84,0,344,0,18314,21731,18109
London,2023-08-14,85,0,345,0,18314,22076,18109
London,2023-08-21,86,0,345,0,18314,22421,18109
London,2023-08-28,87,0,344,0,18314,22765,18109
London,2023-09-04,88,0,343,0,18314,23108,18109
London,2023-09-11,89,0,341,0,18314,23449,18109
London,2023-09-18,90,0,338,0,18314,23787,18109
London,2023-09-25,91,0,334,0,18314,24121,18109
London,2023-10-02,92,0,330,0,18314,24451,18109
London,2023-10-09,93,0,325,0,18314,24776,18109
London,2023-10-16,94,0,320,0,18314,25096,18109
London,2023-10-23,95,0,315,0,18314,25411,18109
London,2023-10-30,96,0,309,0,18314,25720,18109
Northern Ireland and Isle of Man,2023-05-22,73,5,19,0,1013,1027,1008
Northern Ireland and Isle of Man,2023-05-29,74,4,20,0,1017,1047,1008
Northern Ireland and Isle of Man,2023-06-05,75,4,20,0,1021,1067,1008
Northern Ireland and Isle of Man,2023-06-12,76,3,21,0,1024,1088,1008
Northern Ireland and Isle of Man,2023-06-19,77,2,21,0,1026,1109,1008
Northern Ireland and Isle of Man,2023-06-26,78,2,21,0,1028,1130,1008
Northern Ireland and Isle of Man,2023-07-03,79,1,22,0,1029,1152,1008
Northern Ireland and Isle of Man,2023-07-10,80,0,22,0,1029,1174,1008
Northern Ireland and Isle of Man,2023-07-17,81,0,22,0,1029,1196,1008
Northern Ireland and Isle of Man,2023-07-24,82,0,22,0,1029,1218,1008
Northern Ireland and Isle of Man,2023-07-31,83,0,22,0,1029,1240,1008
Northern Ireland and Isle of Man,2023-08-07,84,0,22,0,1029,1262,1008
Northern Ireland and Isle of Man,2023-08-14,85,0,22,0,1029,1284,1008
Northern Ireland and Isle of Man,2023-08-21,86,0,22,0,1029,1306,1008
Northern Ireland and Isle of Man,2023-08-28,87,0,22,0,1029,1328,1008
Northern Ireland and Isle of Man,2023-09-04,88,0,22,0,1029,1350,1008
Northern Ireland and Isle of Man,2023-09-11,89,0,22,0,1029,1372,1008
Northern Ireland and Isle of Man,2023-09-18,90,0,22,0,1029,1394,1008
Northern Ireland and Isle of Man,2023-09-25,91,0,22,0,1029,1416,1008
Northern Ireland and Isle of Man,2023-10-02,92,0,22,0,1029,1438,1008
Northern Ireland and Isle of Man,2023-10-09,93,0,22,0,1029,1460,1008
Northern Ireland and Isle of Man,2023-10-16,94,0,21,0,1029,1481,1008
Northern Ireland and Isle of Man,2023-10-23,95,0,21,0,1029,1502,1008
Northern Ireland and Isle of Man,2023-10-30,96,0,21,0,1029,1523,1008
Scotland,2023-05-22,73,2,42,0,4723,4763,4721
Scotland,2023-05-29,74,0,45,0,4723,4808,4721
Scotland,2023-06-05,75,0,47,0,4723,4855,4721
Scotland,2023-06-12,76,0,49,0,4723,4904,4721
Scotland,2023-06-19,77,0,50,0,4723,4954,4721
Scotland,2023-06-26,78,0,51,0,4723,5005,4721
Scotland,2023-07-03,79,0,52,0,4723,5057,4721
Scotland,2023-07-10,80,0,52,0,4723,5109,4721
Scotland,2023-07-17,81,0,52,0,4723,5161,4721
Scotland,2023-07-24,82,0,52,0,4723,5213,4721
Scotland,2023-07-31,83,0,51,0,4723,5264,4721
Scotland,2023-08-07,84,0,51,0,4723,5315,4721
Scotland,2023-08-14,85,0,50,0,4723,5365,4721
Scotland,2023-08-21,86,0,49,0,4723,5414,4721
Scotland,2023-08-28,87,0,48,0,4723,5462,4721
Scotland,2023-09-04,88,0,46,0,4723,5508,4721
Scotland,2023-09-11,89,0,45,0,4723,5553,4721
Scotland,2023-09-18,90,0,44,0,4723,5597,4721
Scotland,2023-09-25,91,0,42,0,4723,5639,4721
Scotland,2023-10-02,92,0,40,0,4723,5679,4721
Scotland,2023-10-09,93,0,39,0,4723,5718,4721
Scotland,2023-10-16,94,0,37,0,4723,5755,4721
Scotland,2023-10-23,95,0,35,0,4723,5790,4721
Scotland,2023-10-30,96,0,33,0,4723,5823,4721
Wales,2023-05-22,73,0,21,0,3584,3605,3584
Wales,2023-05-29,74,0,22,0,3584,3627,3584
Wales,2023-06-05,75,0,22,0,3584,3649,3584
Wales,2023-06-12,76,0,23,0,3584,3672,3584
Wales,2023-06-19,77,0,22,0,3584,3694,3584
Wales,2023-06-26,78,0,22,0,3584,3716,3584
Wales,2023-07-03,79,0,22,0,3584,3738,3584
Wales,2023-07-10,80,0,21,0,3584,3759,3584
Wales,2023-07-17,81,0,20,0,3584,3779,3584
Wales,2023-07-24,82,0,19,0,3584,3798,3584
Wales,2023-07-31,83,0,18,0,3584,3816,3584
Wales,2023-08-07,84,0,16,0,3584,3832,3584
Wales,2023-08-14,85,0,15,0,3584,3847,3584
Wales,2023-08-21,86,0,13,0,3584,3860,3584
Wales,2023-08-28,87,0,12,0,3584,3872,3584
Wales,2023-09-04,88,0,10,0,3584,3882,3584
Wales,2023-09-11,89,0,9,0,3584,3891,3584
Wales,2023-09-18,90,0,7,0,3584,3898,3584
Wales,2023-09-25,91,0,5,0,3584,3903,3584
Wales,2023-10-02,92,0,3,0,3584,3906,3584
Wales,2023-10-09,93,0,1,0,3584,3907,3584
Wales,2023-10-16,94,0,0,0,3584,3907,3584
Wales,2023-10-23,95,0,0,0,3584,3907,3584
Wales,2023-10-30,96,0,0,0,3584,3907,3584
