Region,Date,Week,Weekly arrivals,Weekly arrivals (upper bound),Weekly arrivals (lower bound),Total arrivals,Total arrivals (upper bound),Total arrivals (lower bound)
North,2022-09-19,38,180,293,66,11819,11932,11705
North,2022-09-26,39,159,293,35,11978,12225,11740
North,2022-10-03,40,139,293,5,12117,12518,11745
North,2022-10-10,41,120,294,0,12237,12812,11745
North,2022-10-17,42,99,294,0,12336,13106,11745
North,2022-10-24,43,79,292,0,12415,13398,11745
North,2022-10-31,44,58,287,0,12473,13685,11745
North,2022-11-07,45,37,281,0,12510,13966,11745
North,2022-11-14,46,15,273,0,12525,14239,11745
North,2022-11-21,47,0,264,0,12525,14503,11745
North,2022-11-28,48,0,254,0,12525,14757,11745
North,2022-12-05,49,0,243,0,12525,15000,11745
North,2022-12-12,50,0,231,0,12525,15231,11745
North,2022-12-19,51,0,218,0,12525,15449,11745
North,2022-12-26,52,0,205,0,12525,15654,11745
North,2023-01-02,53,0,191,0,12525,15845,11745
North,2023-01-09,54,0,177,0,12525,16022,11745
North,2023-01-16,55,0,163,0,12525,16185,11745
North,2023-01-23,56,0,148,0,12525,16333,11745
North,2023-01-30,57,0,133,0,12525,16466,11745
North,2023-02-06,58,0,118,0,12525,16584,11745
North,2023-02-13,59,0,103,0,12525,16687,11745
North,2023-02-20,60,0,88,0,12525,16775,11745
North,2023-02-27,61,0,72,0,12525,16847,11745
Central,2022-09-19,38,209,330,87,16970,17091,16848
Central,2022-09-26,39,175,316,42,17145,17407,16890
Central,2022-10-03,40,142,302,0,17287,17709,16890
Central,2022-10-10,41,108,288,0,17395,17997,16890
Central,2022-10-17,42,73,271,0,17468,18268,16890
Central,2022-10-24,43,37,252,0,17505,18520,16890
Central,2022-10-31,44,0,229,0,17505,18749,16890
Central,2022-11-07,45,0,204,0,17505,18953,16890
Central,2022-11-14,46,0,176,0,17505,19129,16890
Central,2022-11-21,47,0,147,0,17505,19276,16890
Central,2022-11-28,48,0,116,0,17505,19392,16890
Central,2022-12-05,49,0,85,0,17505,19477,16890
Central,2022-12-12,50,0,52,0,17505,19529,16890
Central,2022-12-19,51,0,18,0,17505,19547,16890
Central,2022-12-26,52,0,0,0,17505,19547,16890
Central,2023-01-02,53,0,0,0,17505,19547,16890
Central,2023-01-09,54,0,0,0,17505,19547,16890
Central,2023-01-16,55,0,0,0,17505,19547,16890
Central,2023-01-23,56,0,0,0,17505,19547,16890
Central,2023-01-30,57,0,0,0,17505,19547,16890
Central,2023-02-06,58,0,0,0,17505,19547,16890
Central,2023-02-13,59,0,0,0,17505,19547,16890
Central,2023-02-20,60,0,0,0,17505,19547,16890
Central,2023-02-27,61,0,0,0,17505,19547,16890
South and the Channel Islands,2022-09-19,38,209,355,63,17857,18003,17711
South and the Channel Islands,2022-09-26,39,176,346,16,18033,18349,17727
South and the Channel Islands,2022-10-03,40,143,337,0,18176,18686,17727
South and the Channel Islands,2022-10-10,41,110,326,0,18286,19012,17727
South and the Channel Islands,2022-10-17,42,76,313,0,18362,19325,17727
South and the Channel Islands,2022-10-24,43,41,297,0,18403,19622,17727
South and the Channel Islands,2022-10-31,44,6,278,0,18409,19900,17727
South and the Channel Islands,2022-11-07,45,0,258,0,18409,20158,17727
South and the Channel Islands,2022-11-14,46,0,235,0,18409,20393,17727
South and the Channel Islands,2022-11-21,47,0,212,0,18409,20605,17727
South and the Channel Islands,2022-11-28,48,0,187,0,18409,20792,17727
South and the Channel Islands,2022-12-05,49,0,162,0,18409,20954,17727
South and the Channel Islands,2022-12-12,50,0,135,0,18409,21089,17727
South and the Channel Islands,2022-12-19,51,0,108,0,18409,21197,17727
South and the Channel Islands,2022-12-26,52,0,81,0,18409,21278,17727
South and the Channel Islands,2023-01-02,53,0,53,0,18409,21331,17727
South and the Channel Islands,2023-01-09,54,0,25,0,18409,21356,17727
South and the Channel Islands,2023-01-16,55,0,0,0,18409,21356,17727
South and the Channel Islands,2023-01-23,56,0,0,0,18409,21356,17727
South and the Channel Islands,2023-01-30,57,0,0,0,18409,21356,17727
South and the Channel Islands,2023-02-06,58,0,0,0,18409,21356,17727
South and the Channel Islands,2023-02-13,59,0,0,0,18409,21356,17727
South and the Channel Islands,2023-02-20,60,0,0,0,18409,21356,17727
South and the Channel Islands,2023-02-27,61,0,0,0,18409,21356,17727
South East,2022-09-19,38,190,293,88,16560,16663,16458
South East,2022-09-26,39,163,281,50,16723,16944,16508
South East,2022-10-03,40,135,269,14,16858,17213,16522
South East,2022-10-10,41,108,257,0,16966,17470,16522
South East,2022-10-17,42,81,244,0,17047,17714,16522
South East,2022-10-24,43,53,229,0,17100,17943,16522
South East,2022-10-31,44,24,212,0,17124,18155,16522
South East,2022-11-07,45,0,193,0,17124,18348,16522
South East,2022-11-14,46,0,173,0,17124,18521,16522
South East,2022-11-21,47,0,152,0,17124,18673,16522
South East,2022-11-28,48,0,131,0,17124,18804,16522
South East,2022-12-05,49,0,108,0,17124,18912,16522
South East,2022-12-12,50,0,85,0,17124,18997,16522
South East,2022-12-19,51,0,62,0,17124,19059,16522
South East,2022-12-26,52,0,38,0,17124,19097,16522
South East,2023-01-02,53,0,14,0,17124,19111,16522
South East,2023-01-09,54,0,0,0,17124,19111,16522
South East,2023-01-16,55,0,0,0,17124,19111,16522
South East,2023-01-23,56,0,0,0,17124,19111,16522
South East,2023-01-30,57,0,0,0,17124,19111,16522
South East,2023-02-06,58,0,0,0,17124,19111,16522
South East,2023-02-13,59,0,0,0,17124,19111,16522
South East,2023-02-20,60,0,0,0,17124,19111,16522
South East,2023-02-27,61,0,0,0,17124,19111,16522
London,2022-09-19,38,224,319,130,12253,12348,12159
London,2022-09-26,39,206,317,100,12459,12665,12259
London,2022-10-03,40,188,316,71,12647,12981,12330
London,2022-10-10,41,171,316,43,12818,13297,12373
London,2022-10-17,42,153,317,15,12971,13614,12388
London,2022-10-24,43,134,318,0,13105,13932,12388
London,2022-10-31,44,115,319,0,13220,14251,12388
London,2022-11-07,45,95,318,0,13315,14569,12388
London,2022-11-14,46,73,315,0,13388,14884,12388
London,2022-11-21,47,50,310,0,13438,15194,12388
London,2022-11-28,48,25,304,0,13463,15498,12388
London,2022-12-05,49,0,296,0,13463,15794,12388
London,2022-12-12,50,0,287,0,13463,16081,12388
London,2022-12-19,51,0,276,0,13463,16357,12388
London,2022-12-26,52,0,263,0,13463,16620,12388
London,2023-01-02,53,0,249,0,13463,16869,12388
London,2023-01-09,54,0,233,0,13463,17102,12388
London,2023-01-16,55,0,216,0,13463,17318,12388
London,2023-01-23,56,0,198,0,13463,17516,12388
London,2023-01-30,57,0,179,0,13463,17695,12388
London,2023-02-06,58,0,158,0,13463,17853,12388
London,2023-02-13,59,0,136,0,13463,17989,12388
London,2023-02-20,60,0,113,0,13463,18102,12388
London,2023-02-27,61,0,90,0,13463,18192,12388
Northern Ireland and Isle of Man,2022-09-19,38,18,37,0,569,588,551
Northern Ireland and Isle of Man,2022-09-26,39,17,38,0,586,626,551
Northern Ireland and Isle of Man,2022-10-03,40,16,40,0,602,666,551
Northern Ireland and Isle of Man,2022-10-10,41,15,41,0,617,707,551
Northern Ireland and Isle of Man,2022-10-17,42,14,43,0,631,750,551
Northern Ireland and Isle of Man,2022-10-24,43,12,44,0,643,794,551
Northern Ireland and Isle of Man,2022-10-31,44,11,46,0,654,840,551
Northern Ireland and Isle of Man,2022-11-07,45,10,47,0,664,887,551
Northern Ireland and Isle of Man,2022-11-14,46,8,49,0,672,936,551
Northern Ireland and Isle of Man,2022-11-21,47,7,50,0,679,986,551
Northern Ireland and Isle of Man,2022-11-28,48,5,51,0,684,1037,551
Northern Ireland and Isle of Man,2022-12-05,49,4,53,0,688,1090,551
Northern Ireland and Isle of Man,2022-12-12,50,2,54,0,690,1144,551
Northern Ireland and Isle of Man,2022-12-19,51,1,55,0,691,1199,551
Northern Ireland and Isle of Man,2022-12-26,52,0,56,0,691,1255,551
Northern Ireland and Isle of Man,2023-01-02,53,0,58,0,691,1313,551
Northern Ireland and Isle of Man,2023-01-09,54,0,59,0,691,1372,551
Northern Ireland and Isle of Man,2023-01-16,55,0,60,0,691,1432,551
Northern Ireland and Isle of Man,2023-01-23,56,0,61,0,691,1493,551
Northern Ireland and Isle of Man,2023-01-30,57,0,62,0,691,1555,551
Northern Ireland and Isle of Man,2023-02-06,58,0,62,0,691,1617,551
Northern Ireland and Isle of Man,2023-02-13,59,0,63,0,691,1680,551
Northern Ireland and Isle of Man,2023-02-20,60,0,64,0,691,1744,551
Northern Ireland and Isle of Man,2023-02-27,61,0,65,0,691,1809,551
Scotland,2022-09-19,38,50,80,19,3539,3569,3508
Scotland,2022-09-26,39,44,79,11,3583,3648,3519
Scotland,2022-10-03,40,38,78,2,3621,3726,3521
Scotland,2022-10-10,41,32,77,0,3653,3803,3521
Scotland,2022-10-17,42,26,75,0,3679,3878,3521
Scotland,2022-10-24,43,20,74,0,3699,3952,3521
Scotland,2022-10-31,44,14,71,0,3713,4023,3521
Scotland,2022-11-07,45,7,69,0,3720,4092,3521
Scotland,2022-11-14,46,1,66,0,3721,4158,3521
Scotland,2022-11-21,47,0,62,0,3721,4220,3521
Scotland,2022-11-28,48,0,59,0,3721,4279,3521
Scotland,2022-12-05,49,0,55,0,3721,4334,3521
Scotland,2022-12-12,50,0,51,0,3721,4385,3521
Scotland,2022-12-19,51,0,47,0,3721,4432,3521
Scotland,2022-12-26,52,0,43,0,3721,4475,3521
Scotland,2023-01-02,53,0,38,0,3721,4513,3521
Scotland,2023-01-09,54,0,34,0,3721,4547,3521
Scotland,2023-01-16,55,0,29,0,3721,4576,3521
Scotland,2023-01-23,56,0,25,0,3721,4601,3521
Scotland,2023-01-30,57,0,20,0,3721,4621,3521
Scotland,2023-02-06,58,0,16,0,3721,4637,3521
Scotland,2023-02-13,59,0,11,0,3721,4648,3521
Scotland,2023-02-20,60,0,6,0,3721,4654,3521
Scotland,2023-02-27,61,0,1,0,3721,4655,3521
Wales,2022-09-19,38,38,56,19,2827,2845,2808
Wales,2022-09-26,39,32,52,12,2859,2897,2820
Wales,2022-10-03,40,26,49,4,2885,2946,2824
Wales,2022-10-10,41,20,46,0,2905,2992,2824
Wales,2022-10-17,42,14,43,0,2919,3035,2824
Wales,2022-10-24,43,8,39,0,2927,3074,2824
Wales,2022-10-31,44,1,34,0,2928,3108,2824
Wales,2022-11-07,45,0,30,0,2928,3138,2824
Wales,2022-11-14,46,0,25,0,2928,3163,2824
Wales,2022-11-21,47,0,19,0,2928,3182,2824
Wales,2022-11-28,48,0,14,0,2928,3196,2824
Wales,2022-12-05,49,0,8,0,2928,3204,2824
Wales,2022-12-12,50,0,3,0,2928,3207,2824
Wales,2022-12-19,51,0,0,0,2928,3207,2824
Wales,2022-12-26,52,0,0,0,2928,3207,2824
Wales,2023-01-02,53,0,0,0,2928,3207,2824
Wales,2023-01-09,54,0,0,0,2928,3207,2824
Wales,2023-01-16,55,0,0,0,2928,3207,2824
Wales,2023-01-23,56,0,0,0,2928,3207,2824
Wales,2023-01-30,57,0,0,0,2928,3207,2824
Wales,2023-02-06,58,0,0,0,2928,3207,2824
Wales,2023-02-13,59,0,0,0,2928,3207,2824
Wales,2023-02-20,60,0,0,0,2928,3207,2824
Wales,2023-02-27,61,0,0,0,2928,3207,2824
